Theta [deg.]  Phi   [deg.]  Abs(Gain)[dB    ]   Abs(Theta)[dB    ]  Phase(Theta)[deg.]  Abs(Phi  )[dB    ]  Phase(Phi  )[deg.]  Ax.Ratio[dB    ]    
------------------------------------------------------------------------------------------------------------------------------------------------------
-180.000           0.000          -2.000e+002         -2.000e+002               0.000         -2.000e+002               0.000          4.000e+001     
-179.000           0.000          -2.000e+002         -2.000e+002               0.000         -2.000e+002               0.000          4.000e+001     
-178.000           0.000          -2.000e+002         -2.000e+002               0.000         -2.000e+002               0.000          4.000e+001     
-177.000           0.000          -2.000e+002         -2.000e+002               0.000         -2.000e+002               0.000          4.000e+001     
-176.000           0.000          -2.000e+002         -2.000e+002               0.000         -2.000e+002               0.000          4.000e+001     
-175.000           0.000          -2.000e+002         -2.000e+002               0.000         -2.000e+002               0.000          4.000e+001     
-174.000           0.000          -2.000e+002         -2.000e+002               0.000         -2.000e+002               0.000          4.000e+001     
-173.000           0.000          -2.000e+002         -2.000e+002               0.000         -2.000e+002               0.000          4.000e+001     
-172.000           0.000          -2.000e+002         -2.000e+002               0.000         -2.000e+002               0.000          4.000e+001     
-171.000           0.000          -2.000e+002         -2.000e+002               0.000         -2.000e+002               0.000          4.000e+001     
-170.000           0.000          -2.000e+002         -2.000e+002               0.000         -2.000e+002               0.000          4.000e+001     
-169.000           0.000          -2.000e+002         -2.000e+002               0.000         -2.000e+002               0.000          4.000e+001     
-168.000           0.000          -2.000e+002         -2.000e+002               0.000         -2.000e+002               0.000          4.000e+001     
-167.000           0.000          -2.000e+002         -2.000e+002               0.000         -2.000e+002               0.000          4.000e+001     
-166.000           0.000          -2.000e+002         -2.000e+002               0.000         -2.000e+002               0.000          4.000e+001     
-165.000           0.000          -2.000e+002         -2.000e+002               0.000         -2.000e+002               0.000          4.000e+001     
-164.000           0.000          -2.000e+002         -2.000e+002               0.000         -2.000e+002               0.000          4.000e+001     
-163.000           0.000          -2.000e+002         -2.000e+002               0.000         -2.000e+002               0.000          4.000e+001     
-162.000           0.000          -2.000e+002         -2.000e+002               0.000         -2.000e+002               0.000          4.000e+001     
-161.000           0.000          -2.000e+002         -2.000e+002               0.000         -2.000e+002               0.000          4.000e+001     
-160.000           0.000          -2.000e+002         -2.000e+002               0.000         -2.000e+002               0.000          4.000e+001     
-159.000           0.000          -2.000e+002         -2.000e+002               0.000         -2.000e+002               0.000          4.000e+001     
-158.000           0.000          -2.000e+002         -2.000e+002               0.000         -2.000e+002               0.000          4.000e+001     
-157.000           0.000          -2.000e+002         -2.000e+002               0.000         -2.000e+002               0.000          4.000e+001     
-156.000           0.000          -2.000e+002         -2.000e+002               0.000         -2.000e+002               0.000          4.000e+001     
-155.000           0.000          -2.000e+002         -2.000e+002               0.000         -2.000e+002               0.000          4.000e+001     
-154.000           0.000          -2.000e+002         -2.000e+002               0.000         -2.000e+002               0.000          4.000e+001     
-153.000           0.000          -2.000e+002         -2.000e+002               0.000         -2.000e+002               0.000          4.000e+001     
-152.000           0.000          -2.000e+002         -2.000e+002               0.000         -2.000e+002               0.000          4.000e+001     
-151.000           0.000          -2.000e+002         -2.000e+002               0.000         -2.000e+002               0.000          4.000e+001     
-150.000           0.000          -2.000e+002         -2.000e+002               0.000         -2.000e+002               0.000          4.000e+001     
-149.000           0.000          -2.000e+002         -2.000e+002               0.000         -2.000e+002               0.000          4.000e+001     
-148.000           0.000          -2.000e+002         -2.000e+002               0.000         -2.000e+002               0.000          4.000e+001     
-147.000           0.000          -2.000e+002         -2.000e+002               0.000         -2.000e+002               0.000          4.000e+001     
-146.000           0.000          -2.000e+002         -2.000e+002               0.000         -2.000e+002               0.000          4.000e+001     
-145.000           0.000          -2.000e+002         -2.000e+002               0.000         -2.000e+002               0.000          4.000e+001     
-144.000           0.000          -2.000e+002         -2.000e+002               0.000         -2.000e+002               0.000          4.000e+001     
-143.000           0.000          -2.000e+002         -2.000e+002               0.000         -2.000e+002               0.000          4.000e+001     
-142.000           0.000          -2.000e+002         -2.000e+002               0.000         -2.000e+002               0.000          4.000e+001     
-141.000           0.000          -2.000e+002         -2.000e+002               0.000         -2.000e+002               0.000          4.000e+001     
-140.000           0.000          -2.000e+002         -2.000e+002               0.000         -2.000e+002               0.000          4.000e+001     
-139.000           0.000          -2.000e+002         -2.000e+002               0.000         -2.000e+002               0.000          4.000e+001     
-138.000           0.000          -2.000e+002         -2.000e+002               0.000         -2.000e+002               0.000          4.000e+001     
-137.000           0.000          -2.000e+002         -2.000e+002               0.000         -2.000e+002               0.000          4.000e+001     
-136.000           0.000          -2.000e+002         -2.000e+002               0.000         -2.000e+002               0.000          4.000e+001     
-135.000           0.000          -2.000e+002         -2.000e+002               0.000         -2.000e+002               0.000          4.000e+001     
-134.000           0.000          -2.000e+002         -2.000e+002               0.000         -2.000e+002               0.000          4.000e+001     
-133.000           0.000          -2.000e+002         -2.000e+002               0.000         -2.000e+002               0.000          4.000e+001     
-132.000           0.000          -2.000e+002         -2.000e+002               0.000         -2.000e+002               0.000          4.000e+001     
-131.000           0.000          -2.000e+002         -2.000e+002               0.000         -2.000e+002               0.000          4.000e+001     
-130.000           0.000          -2.000e+002         -2.000e+002               0.000         -2.000e+002               0.000          4.000e+001     
-129.000           0.000          -2.000e+002         -2.000e+002               0.000         -2.000e+002               0.000          4.000e+001     
-128.000           0.000          -2.000e+002         -2.000e+002               0.000         -2.000e+002               0.000          4.000e+001     
-127.000           0.000          -2.000e+002         -2.000e+002               0.000         -2.000e+002               0.000          4.000e+001     
-126.000           0.000          -2.000e+002         -2.000e+002               0.000         -2.000e+002               0.000          4.000e+001     
-125.000           0.000          -2.000e+002         -2.000e+002               0.000         -2.000e+002               0.000          4.000e+001     
-124.000           0.000          -2.000e+002         -2.000e+002               0.000         -2.000e+002               0.000          4.000e+001     
-123.000           0.000          -2.000e+002         -2.000e+002               0.000         -2.000e+002               0.000          4.000e+001     
-122.000           0.000          -2.000e+002         -2.000e+002               0.000         -2.000e+002               0.000          4.000e+001     
-121.000           0.000          -2.000e+002         -2.000e+002               0.000         -2.000e+002               0.000          4.000e+001     
-120.000           0.000          -2.000e+002         -2.000e+002               0.000         -2.000e+002               0.000          4.000e+001     
-119.000           0.000          -2.000e+002         -2.000e+002               0.000         -2.000e+002               0.000          4.000e+001     
-118.000           0.000          -2.000e+002         -2.000e+002               0.000         -2.000e+002               0.000          4.000e+001     
-117.000           0.000          -2.000e+002         -2.000e+002               0.000         -2.000e+002               0.000          4.000e+001     
-116.000           0.000          -2.000e+002         -2.000e+002               0.000         -2.000e+002               0.000          4.000e+001     
-115.000           0.000          -2.000e+002         -2.000e+002               0.000         -2.000e+002               0.000          4.000e+001     
-114.000           0.000          -2.000e+002         -2.000e+002               0.000         -2.000e+002               0.000          4.000e+001     
-113.000           0.000          -2.000e+002         -2.000e+002               0.000         -2.000e+002               0.000          4.000e+001     
-112.000           0.000          -2.000e+002         -2.000e+002               0.000         -2.000e+002               0.000          4.000e+001     
-111.000           0.000          -2.000e+002         -2.000e+002               0.000         -2.000e+002               0.000          4.000e+001     
-110.000           0.000          -2.000e+002         -2.000e+002               0.000         -2.000e+002               0.000          4.000e+001     
-109.000           0.000          -2.000e+002         -2.000e+002               0.000         -2.000e+002               0.000          4.000e+001     
-108.000           0.000          -2.000e+002         -2.000e+002               0.000         -2.000e+002               0.000          4.000e+001     
-107.000           0.000          -2.000e+002         -2.000e+002               0.000         -2.000e+002               0.000          4.000e+001     
-106.000           0.000          -2.000e+002         -2.000e+002               0.000         -2.000e+002               0.000          4.000e+001     
-105.000           0.000          -2.000e+002         -2.000e+002               0.000         -2.000e+002               0.000          4.000e+001     
-104.000           0.000          -2.000e+002         -2.000e+002               0.000         -2.000e+002               0.000          4.000e+001     
-103.000           0.000          -2.000e+002         -2.000e+002               0.000         -2.000e+002               0.000          4.000e+001     
-102.000           0.000          -2.000e+002         -2.000e+002               0.000         -2.000e+002               0.000          4.000e+001     
-101.000           0.000          -2.000e+002         -2.000e+002               0.000         -2.000e+002               0.000          4.000e+001     
-100.000           0.000          -2.000e+002         -2.000e+002               0.000         -2.000e+002               0.000          4.000e+001     
 -99.000           0.000          -2.000e+002         -2.000e+002               0.000         -2.000e+002               0.000          4.000e+001     
 -98.000           0.000          -2.000e+002         -2.000e+002               0.000         -2.000e+002               0.000          4.000e+001     
 -97.000           0.000          -2.000e+002         -2.000e+002               0.000         -2.000e+002               0.000          4.000e+001     
 -96.000           0.000          -2.000e+002         -2.000e+002               0.000         -2.000e+002               0.000          4.000e+001     
 -95.000           0.000          -2.000e+002         -2.000e+002               0.000         -2.000e+002               0.000          4.000e+001     
 -94.000           0.000          -2.000e+002         -2.000e+002               0.000         -2.000e+002               0.000          4.000e+001     
 -93.000           0.000          -2.000e+002         -2.000e+002               0.000         -2.000e+002               0.000          4.000e+001     
 -92.000           0.000          -2.000e+002         -2.000e+002               0.000         -2.000e+002               0.000          4.000e+001     
 -91.000           0.000          -2.000e+002         -2.000e+002               0.000         -2.000e+002               0.000          4.000e+001     
 -90.000           0.000          -2.645e+001         -2.645e+001             313.288         -1.007e+002               4.281          4.000e+001     
 -89.000           0.000          -2.476e+001         -2.645e+001             312.567         -2.967e+001              74.825          6.185e+000     
 -88.000           0.000          -2.182e+001         -2.646e+001             311.843         -2.365e+001              74.098          5.960e+000     
 -87.000           0.000          -1.922e+001         -2.646e+001             311.115         -2.013e+001              73.378          8.445e+000     
 -86.000           0.000          -1.709e+001         -2.646e+001             310.384         -1.763e+001              72.659          1.064e+001     
 -85.000           0.000          -1.534e+001         -2.647e+001             309.650         -1.569e+001              71.941          1.246e+001     
 -84.000           0.000          -1.386e+001         -2.648e+001             308.914         -1.410e+001              71.225          1.398e+001     
 -83.000           0.000          -1.258e+001         -2.648e+001             308.174         -1.276e+001              70.510          1.529e+001     
 -82.000           0.000          -1.146e+001         -2.649e+001             307.433         -1.160e+001              69.797          1.644e+001     
 -81.000           0.000          -1.047e+001         -2.650e+001             306.689         -1.058e+001              69.085          1.746e+001     
 -80.000           0.000          -9.574e+000         -2.651e+001             305.944         -9.662e+000              68.376          1.838e+001     
 -79.000           0.000          -8.760e+000         -2.653e+001             305.197         -8.833e+000              67.668          1.921e+001     
 -78.000           0.000          -8.015e+000         -2.654e+001             304.448         -8.076e+000              66.963          1.998e+001     
 -77.000           0.000          -7.328e+000         -2.656e+001             303.699         -7.380e+000              66.261          2.069e+001     
 -76.000           0.000          -6.690e+000         -2.657e+001             302.948         -6.735e+000              65.561          2.136e+001     
 -75.000           0.000          -6.096e+000         -2.659e+001             302.197         -6.134e+000              64.865          2.198e+001     
 -74.000           0.000          -5.539e+000         -2.661e+001             301.445         -5.573e+000              64.171          2.256e+001     
 -73.000           0.000          -5.015e+000         -2.663e+001             300.693         -5.045e+000              63.481          2.311e+001     
 -72.000           0.000          -4.521e+000         -2.666e+001             299.941         -4.547e+000              62.795          2.364e+001     
 -71.000           0.000          -4.053e+000         -2.668e+001             299.189         -4.077e+000              62.112          2.414e+001     
 -70.000           0.000          -3.609e+000         -2.671e+001             298.437         -3.630e+000              61.434          2.462e+001     
 -69.000           0.000          -3.187e+000         -2.674e+001             297.686         -3.206e+000              60.760          2.508e+001     
 -68.000           0.000          -2.784e+000         -2.677e+001             296.936         -2.801e+000              60.090          2.552e+001     
 -67.000           0.000          -2.399e+000         -2.680e+001             296.187         -2.415e+000              59.425          2.594e+001     
 -66.000           0.000          -2.030e+000         -2.683e+001             295.439         -2.045e+000              58.765          2.635e+001     
 -65.000           0.000          -1.677e+000         -2.687e+001             294.692         -1.690e+000              58.110          2.675e+001     
 -64.000           0.000          -1.338e+000         -2.690e+001             293.947         -1.350e+000              57.460          2.714e+001     
 -63.000           0.000          -1.012e+000         -2.694e+001             293.204         -1.023e+000              56.815          2.751e+001     
 -62.000           0.000          -6.981e-001         -2.698e+001             292.462         -7.084e-001              56.177          2.788e+001     
 -61.000           0.000          -3.956e-001         -2.703e+001             291.723         -4.051e-001              55.544          2.824e+001     
 -60.000           0.000          -1.038e-001         -2.707e+001             290.986         -1.125e-001              54.917          2.859e+001     
 -59.000           0.000           1.780e-001         -2.712e+001             290.251          1.699e-001              54.297          2.893e+001     
 -58.000           0.000           4.503e-001         -2.717e+001             289.518          4.428e-001              53.683          2.926e+001     
 -57.000           0.000           7.137e-001         -2.722e+001             288.788          7.067e-001              53.076          2.959e+001     
 -56.000           0.000           9.685e-001         -2.728e+001             288.061          9.620e-001              52.475          2.992e+001     
 -55.000           0.000           1.215e+000         -2.734e+001             287.337          1.209e+000              51.882          3.023e+001     
 -54.000           0.000           1.454e+000         -2.740e+001             286.615          1.449e+000              51.296          3.055e+001     
 -53.000           0.000           1.686e+000         -2.746e+001             285.896          1.681e+000              50.717          3.086e+001     
 -52.000           0.000           1.911e+000         -2.753e+001             285.180          1.906e+000              50.146          3.116e+001     
 -51.000           0.000           2.129e+000         -2.760e+001             284.467          2.124e+000              49.582          3.147e+001     
 -50.000           0.000           2.340e+000         -2.767e+001             283.756          2.336e+000              49.026          3.177e+001     
 -49.000           0.000           2.545e+000         -2.774e+001             283.049          2.541e+000              48.479          3.207e+001     
 -48.000           0.000           2.744e+000         -2.782e+001             282.344          2.741e+000              47.940          3.236e+001     
 -47.000           0.000           2.938e+000         -2.791e+001             281.642          2.934e+000              47.409          3.266e+001     
 -46.000           0.000           3.126e+000         -2.799e+001             280.943          3.122e+000              46.886          3.295e+001     
 -45.000           0.000           3.308e+000         -2.808e+001             280.246          3.305e+000              46.373          3.324e+001     
 -44.000           0.000           3.485e+000         -2.818e+001             279.551          3.482e+000              45.868          3.354e+001     
 -43.000           0.000           3.656e+000         -2.827e+001             278.859          3.654e+000              45.373          3.383e+001     
 -42.000           0.000           3.823e+000         -2.838e+001             278.168          3.821e+000              44.886          3.412e+001     
 -41.000           0.000           3.985e+000         -2.848e+001             277.479          3.982e+000              44.409          3.441e+001     
 -40.000           0.000           4.142e+000         -2.860e+001             276.791          4.140e+000              43.942          3.471e+001     
 -39.000           0.000           4.294e+000         -2.871e+001             276.104          4.292e+000              43.484          3.500e+001     
 -38.000           0.000           4.442e+000         -2.883e+001             275.417          4.440e+000              43.036          3.530e+001     
 -37.000           0.000           4.585e+000         -2.896e+001             274.731          4.583e+000              42.598          3.560e+001     
 -36.000           0.000           4.724e+000         -2.909e+001             274.044          4.722e+000              42.170          3.590e+001     
 -35.000           0.000           4.858e+000         -2.923e+001             273.355          4.856e+000              41.752          3.620e+001     
 -34.000           0.000           4.988e+000         -2.937e+001             272.665          4.987e+000              41.345          3.651e+001     
 -33.000           0.000           5.114e+000         -2.952e+001             271.972          5.113e+000              40.948          3.682e+001     
 -32.000           0.000           5.236e+000         -2.967e+001             271.276          5.234e+000              40.561          3.713e+001     
 -31.000           0.000           5.353e+000         -2.983e+001             270.575          5.352e+000              40.185          3.745e+001     
 -30.000           0.000           5.467e+000         -3.000e+001             269.869          5.465e+000              39.820          3.777e+001     
 -29.000           0.000           5.576e+000         -3.017e+001             269.155          5.575e+000              39.466          3.810e+001     
 -28.000           0.000           5.682e+000         -3.036e+001             268.434          5.680e+000              39.123          3.844e+001     
 -27.000           0.000           5.783e+000         -3.054e+001             267.704          5.782e+000              38.791          3.878e+001     
 -26.000           0.000           5.881e+000         -3.074e+001             266.962          5.880e+000              38.471          3.913e+001     
 -25.000           0.000           5.974e+000         -3.095e+001             266.206          5.973e+000              38.161          3.949e+001     
 -24.000           0.000           6.064e+000         -3.116e+001             265.436          6.063e+000              37.863          3.986e+001     
 -23.000           0.000           6.150e+000         -3.138e+001             264.648          6.149e+000              37.577          4.000e+001     
 -22.000           0.000           6.232e+000         -3.162e+001             263.839          6.231e+000              37.302          4.000e+001     
 -21.000           0.000           6.311e+000         -3.186e+001             263.007          6.310e+000              37.039          4.000e+001     
 -20.000           0.000           6.385e+000         -3.211e+001             262.149          6.385e+000              36.788          4.000e+001     
 -19.000           0.000           6.456e+000         -3.237e+001             261.259          6.456e+000              36.548          4.000e+001     
 -18.000           0.000           6.523e+000         -3.265e+001             260.335          6.523e+000              36.321          4.000e+001     
 -17.000           0.000           6.587e+000         -3.294e+001             259.370          6.586e+000              36.105          4.000e+001     
 -16.000           0.000           6.647e+000         -3.323e+001             258.359          6.646e+000              35.901          4.000e+001     
 -15.000           0.000           6.703e+000         -3.355e+001             257.296          6.702e+000              35.710          4.000e+001     
 -14.000           0.000           6.755e+000         -3.387e+001             256.172          6.755e+000              35.531          4.000e+001     
 -13.000           0.000           6.804e+000         -3.421e+001             254.979          6.804e+000              35.364          4.000e+001     
 -12.000           0.000           6.849e+000         -3.457e+001             253.706          6.849e+000              35.209          4.000e+001     
 -11.000           0.000           6.891e+000         -3.494e+001             252.342          6.890e+000              35.067          4.000e+001     
 -10.000           0.000           6.928e+000         -3.532e+001             250.873          6.928e+000              34.937          4.000e+001     
  -9.000           0.000           6.963e+000         -3.573e+001             249.282          6.962e+000              34.819          4.000e+001     
  -8.000           0.000           6.993e+000         -3.615e+001             247.551          6.993e+000              34.714          4.000e+001     
  -7.000           0.000           7.020e+000         -3.658e+001             245.658          7.020e+000              34.621          4.000e+001     
  -6.000           0.000           7.044e+000         -3.704e+001             243.577          7.043e+000              34.541          4.000e+001     
  -5.000           0.000           7.063e+000         -3.751e+001             241.278          7.063e+000              34.473          4.000e+001     
  -4.000           0.000           7.080e+000         -3.799e+001             238.727          7.079e+000              34.418          4.000e+001     
  -3.000           0.000           7.092e+000         -3.849e+001             235.885          7.092e+000              34.375          4.000e+001     
  -2.000           0.000           7.101e+000         -3.899e+001             232.709          7.101e+000              34.345          4.000e+001     
  -1.000           0.000           7.107e+000         -3.950e+001             229.152          7.106e+000              34.328          4.000e+001     
   0.000           0.000           7.108e+000         -4.000e+001             225.169          7.108e+000              34.323          4.000e+001     
   1.000           0.000           7.107e+000         -4.049e+001             220.718          7.107e+000              34.331          4.000e+001     
   2.000           0.000           7.101e+000         -4.095e+001             215.769          7.101e+000              34.351          4.000e+001     
   3.000           0.000           7.092e+000         -4.136e+001             210.315          7.092e+000              34.384          4.000e+001     
   4.000           0.000           7.080e+000         -4.169e+001             204.388          7.080e+000              34.430          4.000e+001     
   5.000           0.000           7.063e+000         -4.194e+001             198.063          7.063e+000              34.488          4.000e+001     
   6.000           0.000           7.044e+000         -4.209e+001             191.466          7.044e+000              34.559          4.000e+001     
   7.000           0.000           7.020e+000         -4.212e+001             184.765          7.020e+000              34.642          4.000e+001     
   8.000           0.000           6.993e+000         -4.203e+001             178.143          6.993e+000              34.737          4.000e+001     
   9.000           0.000           6.963e+000         -4.183e+001             171.775          6.963e+000              34.845          4.000e+001     
  10.000           0.000           6.928e+000         -4.153e+001             165.799          6.928e+000              34.966          4.000e+001     
  11.000           0.000           6.890e+000         -4.116e+001             160.306          6.890e+000              35.099          4.000e+001     
  12.000           0.000           6.849e+000         -4.074e+001             155.335          6.849e+000              35.244          4.000e+001     
  13.000           0.000           6.804e+000         -4.028e+001             150.889          6.804e+000              35.402          4.000e+001     
  14.000           0.000           6.755e+000         -3.981e+001             146.944          6.755e+000              35.572          4.000e+001     
  15.000           0.000           6.703e+000         -3.932e+001             143.461          6.702e+000              35.754          4.000e+001     
  16.000           0.000           6.646e+000         -3.884e+001             140.394          6.646e+000              35.948          4.000e+001     
  17.000           0.000           6.587e+000         -3.836e+001             137.695          6.587e+000              36.154          4.000e+001     
  18.000           0.000           6.523e+000         -3.790e+001             135.322          6.523e+000              36.372          4.000e+001     
  19.000           0.000           6.456e+000         -3.744e+001             133.233          6.456e+000              36.603          4.000e+001     
  20.000           0.000           6.385e+000         -3.701e+001             131.394          6.385e+000              36.845          4.000e+001     
  21.000           0.000           6.310e+000         -3.659e+001             129.773          6.310e+000              37.099          4.000e+001     
  22.000           0.000           6.232e+000         -3.619e+001             128.343          6.232e+000              37.364          4.000e+001     
  23.000           0.000           6.150e+000         -3.580e+001             127.082          6.149e+000              37.642          4.000e+001     
  24.000           0.000           6.064e+000         -3.543e+001             125.970          6.063e+000              37.931          4.000e+001     
  25.000           0.000           5.974e+000         -3.508e+001             124.990          5.974e+000              38.231          4.000e+001     
  26.000           0.000           5.880e+000         -3.474e+001             124.128          5.880e+000              38.543          4.000e+001     
  27.000           0.000           5.783e+000         -3.441e+001             123.371          5.782e+000              38.866          4.000e+001     
  28.000           0.000           5.681e+000         -3.411e+001             122.708          5.681e+000              39.200          3.984e+001     
  29.000           0.000           5.576e+000         -3.381e+001             122.131          5.575e+000              39.545          3.946e+001     
  30.000           0.000           5.466e+000         -3.353e+001             121.630          5.466e+000              39.902          3.908e+001     
  31.000           0.000           5.353e+000         -3.326e+001             121.200          5.352e+000              40.269          3.872e+001     
  32.000           0.000           5.235e+000         -3.300e+001             120.834          5.235e+000              40.647          3.836e+001     
  33.000           0.000           5.113e+000         -3.275e+001             120.527          5.113e+000              41.035          3.801e+001     
  34.000           0.000           4.988e+000         -3.251e+001             120.274          4.987e+000              41.435          3.766e+001     
  35.000           0.000           4.858e+000         -3.228e+001             120.071          4.857e+000              41.844          3.732e+001     
  36.000           0.000           4.723e+000         -3.206e+001             119.914          4.722e+000              42.264          3.699e+001     
  37.000           0.000           4.584e+000         -3.186e+001             119.800          4.583e+000              42.694          3.666e+001     
  38.000           0.000           4.441e+000         -3.166e+001             119.727          4.440e+000              43.134          3.634e+001     
  39.000           0.000           4.293e+000         -3.146e+001             119.691          4.292e+000              43.584          3.601e+001     
  40.000           0.000           4.141e+000         -3.128e+001             119.690          4.140e+000              44.043          3.570e+001     
  41.000           0.000           3.984e+000         -3.110e+001             119.723          3.983e+000              44.512          3.538e+001     
  42.000           0.000           3.822e+000         -3.093e+001             119.788          3.821e+000              44.991          3.506e+001     
  43.000           0.000           3.655e+000         -3.077e+001             119.882          3.654e+000              45.479          3.475e+001     
  44.000           0.000           3.484e+000         -3.062e+001             120.004          3.482e+000              45.976          3.444e+001     
  45.000           0.000           3.307e+000         -3.047e+001             120.153          3.305e+000              46.482          3.413e+001     
  46.000           0.000           3.124e+000         -3.033e+001             120.327          3.122e+000              46.997          3.382e+001     
  47.000           0.000           2.936e+000         -3.019e+001             120.526          2.934e+000              47.521          3.351e+001     
  48.000           0.000           2.743e+000         -3.006e+001             120.748          2.741e+000              48.053          3.320e+001     
  49.000           0.000           2.544e+000         -2.993e+001             120.992          2.541e+000              48.593          3.289e+001     
  50.000           0.000           2.338e+000         -2.981e+001             121.257          2.336e+000              49.142          3.258e+001     
  51.000           0.000           2.127e+000         -2.969e+001             121.543          2.124e+000              49.699          3.226e+001     
  52.000           0.000           1.909e+000         -2.958e+001             121.849          1.906e+000              50.263          3.195e+001     
  53.000           0.000           1.684e+000         -2.948e+001             122.174          1.681e+000              50.836          3.163e+001     
  54.000           0.000           1.452e+000         -2.938e+001             122.517          1.449e+000              51.416          3.131e+001     
  55.000           0.000           1.213e+000         -2.928e+001             122.877          1.209e+000              52.003          3.098e+001     
  56.000           0.000           9.661e-001         -2.919e+001             123.254          9.619e-001              52.597          3.065e+001     
  57.000           0.000           7.111e-001         -2.910e+001             123.648          7.066e-001              53.198          3.032e+001     
  58.000           0.000           4.476e-001         -2.901e+001             124.058          4.427e-001              53.807          2.998e+001     
  59.000           0.000           1.751e-001         -2.893e+001             124.483          1.697e-001              54.421          2.964e+001     
  60.000           0.000          -1.069e-001         -2.885e+001             124.923         -1.127e-001              55.042          2.929e+001     
  61.000           0.000          -3.990e-001         -2.878e+001             125.377         -4.053e-001              55.670          2.893e+001     
  62.000           0.000          -7.017e-001         -2.871e+001             125.845         -7.086e-001              56.303          2.857e+001     
  63.000           0.000          -1.016e+000         -2.864e+001             126.326         -1.023e+000              56.942          2.819e+001     
  64.000           0.000          -1.342e+000         -2.858e+001             126.820         -1.350e+000              57.587          2.781e+001     
  65.000           0.000          -1.682e+000         -2.852e+001             127.327         -1.691e+000              58.237          2.742e+001     
  66.000           0.000          -2.035e+000         -2.846e+001             127.847         -2.045e+000              58.893          2.701e+001     
  67.000           0.000          -2.404e+000         -2.840e+001             128.378         -2.415e+000              59.554          2.660e+001     
  68.000           0.000          -2.789e+000         -2.835e+001             128.920         -2.801e+000              60.219          2.617e+001     
  69.000           0.000          -3.193e+000         -2.830e+001             129.474         -3.206e+000              60.889          2.572e+001     
  70.000           0.000          -3.616e+000         -2.825e+001             130.038         -3.631e+000              61.564          2.526e+001     
  71.000           0.000          -4.060e+000         -2.821e+001             130.613         -4.077e+000              62.243          2.477e+001     
  72.000           0.000          -4.529e+000         -2.817e+001             131.198         -4.548e+000              62.925          2.427e+001     
  73.000           0.000          -5.024e+000         -2.813e+001             131.792         -5.045e+000              63.612          2.374e+001     
  74.000           0.000          -5.549e+000         -2.809e+001             132.396         -5.573e+000              64.302          2.318e+001     
  75.000           0.000          -6.107e+000         -2.806e+001             133.009         -6.135e+000              64.996          2.259e+001     
  76.000           0.000          -6.703e+000         -2.803e+001             133.631         -6.735e+000              65.693          2.196e+001     
  77.000           0.000          -7.343e+000         -2.800e+001             134.261         -7.380e+000              66.393          2.130e+001     
  78.000           0.000          -8.033e+000         -2.797e+001             134.900         -8.077e+000              67.095          2.058e+001     
  79.000           0.000          -8.781e+000         -2.795e+001             135.546         -8.834e+000              67.800          1.980e+001     
  80.000           0.000          -9.599e+000         -2.793e+001             136.201         -9.663e+000              68.508          1.896e+001     
  81.000           0.000          -1.050e+001         -2.791e+001             136.862         -1.058e+001              69.218          1.803e+001     
  82.000           0.000          -1.150e+001         -2.789e+001             137.531         -1.160e+001              69.929          1.700e+001     
  83.000           0.000          -1.263e+001         -2.787e+001             138.206         -1.276e+001              70.643          1.583e+001     
  84.000           0.000          -1.392e+001         -2.786e+001             138.888         -1.410e+001              71.358          1.450e+001     
  85.000           0.000          -1.543e+001         -2.785e+001             139.576         -1.569e+001              72.074          1.293e+001     
  86.000           0.000          -1.723e+001         -2.784e+001             140.271         -1.763e+001              72.791          1.103e+001     
  87.000           0.000          -1.945e+001         -2.783e+001             140.971         -2.013e+001              73.510          8.645e+000     
  88.000           0.000          -2.224e+001         -2.783e+001             141.677         -2.365e+001              74.231          5.542e+000     
  89.000           0.000          -2.564e+001         -2.782e+001             142.388         -2.967e+001              74.957          3.992e+000     
  90.000           0.000          -2.782e+001         -2.782e+001             143.104         -1.008e+002               4.189          4.000e+001     
  91.000           0.000          -2.000e+002         -2.000e+002               0.000         -2.000e+002               0.000          4.000e+001     
  92.000           0.000          -2.000e+002         -2.000e+002               0.000         -2.000e+002               0.000          4.000e+001     
  93.000           0.000          -2.000e+002         -2.000e+002               0.000         -2.000e+002               0.000          4.000e+001     
  94.000           0.000          -2.000e+002         -2.000e+002               0.000         -2.000e+002               0.000          4.000e+001     
  95.000           0.000          -2.000e+002         -2.000e+002               0.000         -2.000e+002               0.000          4.000e+001     
  96.000           0.000          -2.000e+002         -2.000e+002               0.000         -2.000e+002               0.000          4.000e+001     
  97.000           0.000          -2.000e+002         -2.000e+002               0.000         -2.000e+002               0.000          4.000e+001     
  98.000           0.000          -2.000e+002         -2.000e+002               0.000         -2.000e+002               0.000          4.000e+001     
  99.000           0.000          -2.000e+002         -2.000e+002               0.000         -2.000e+002               0.000          4.000e+001     
 100.000           0.000          -2.000e+002         -2.000e+002               0.000         -2.000e+002               0.000          4.000e+001     
 101.000           0.000          -2.000e+002         -2.000e+002               0.000         -2.000e+002               0.000          4.000e+001     
 102.000           0.000          -2.000e+002         -2.000e+002               0.000         -2.000e+002               0.000          4.000e+001     
 103.000           0.000          -2.000e+002         -2.000e+002               0.000         -2.000e+002               0.000          4.000e+001     
 104.000           0.000          -2.000e+002         -2.000e+002               0.000         -2.000e+002               0.000          4.000e+001     
 105.000           0.000          -2.000e+002         -2.000e+002               0.000         -2.000e+002               0.000          4.000e+001     
 106.000           0.000          -2.000e+002         -2.000e+002               0.000         -2.000e+002               0.000          4.000e+001     
 107.000           0.000          -2.000e+002         -2.000e+002               0.000         -2.000e+002               0.000          4.000e+001     
 108.000           0.000          -2.000e+002         -2.000e+002               0.000         -2.000e+002               0.000          4.000e+001     
 109.000           0.000          -2.000e+002         -2.000e+002               0.000         -2.000e+002               0.000          4.000e+001     
 110.000           0.000          -2.000e+002         -2.000e+002               0.000         -2.000e+002               0.000          4.000e+001     
 111.000           0.000          -2.000e+002         -2.000e+002               0.000         -2.000e+002               0.000          4.000e+001     
 112.000           0.000          -2.000e+002         -2.000e+002               0.000         -2.000e+002               0.000          4.000e+001     
 113.000           0.000          -2.000e+002         -2.000e+002               0.000         -2.000e+002               0.000          4.000e+001     
 114.000           0.000          -2.000e+002         -2.000e+002               0.000         -2.000e+002               0.000          4.000e+001     
 115.000           0.000          -2.000e+002         -2.000e+002               0.000         -2.000e+002               0.000          4.000e+001     
 116.000           0.000          -2.000e+002         -2.000e+002               0.000         -2.000e+002               0.000          4.000e+001     
 117.000           0.000          -2.000e+002         -2.000e+002               0.000         -2.000e+002               0.000          4.000e+001     
 118.000           0.000          -2.000e+002         -2.000e+002               0.000         -2.000e+002               0.000          4.000e+001     
 119.000           0.000          -2.000e+002         -2.000e+002               0.000         -2.000e+002               0.000          4.000e+001     
 120.000           0.000          -2.000e+002         -2.000e+002               0.000         -2.000e+002               0.000          4.000e+001     
 121.000           0.000          -2.000e+002         -2.000e+002               0.000         -2.000e+002               0.000          4.000e+001     
 122.000           0.000          -2.000e+002         -2.000e+002               0.000         -2.000e+002               0.000          4.000e+001     
 123.000           0.000          -2.000e+002         -2.000e+002               0.000         -2.000e+002               0.000          4.000e+001     
 124.000           0.000          -2.000e+002         -2.000e+002               0.000         -2.000e+002               0.000          4.000e+001     
 125.000           0.000          -2.000e+002         -2.000e+002               0.000         -2.000e+002               0.000          4.000e+001     
 126.000           0.000          -2.000e+002         -2.000e+002               0.000         -2.000e+002               0.000          4.000e+001     
 127.000           0.000          -2.000e+002         -2.000e+002               0.000         -2.000e+002               0.000          4.000e+001     
 128.000           0.000          -2.000e+002         -2.000e+002               0.000         -2.000e+002               0.000          4.000e+001     
 129.000           0.000          -2.000e+002         -2.000e+002               0.000         -2.000e+002               0.000          4.000e+001     
 130.000           0.000          -2.000e+002         -2.000e+002               0.000         -2.000e+002               0.000          4.000e+001     
 131.000           0.000          -2.000e+002         -2.000e+002               0.000         -2.000e+002               0.000          4.000e+001     
 132.000           0.000          -2.000e+002         -2.000e+002               0.000         -2.000e+002               0.000          4.000e+001     
 133.000           0.000          -2.000e+002         -2.000e+002               0.000         -2.000e+002               0.000          4.000e+001     
 134.000           0.000          -2.000e+002         -2.000e+002               0.000         -2.000e+002               0.000          4.000e+001     
 135.000           0.000          -2.000e+002         -2.000e+002               0.000         -2.000e+002               0.000          4.000e+001     
 136.000           0.000          -2.000e+002         -2.000e+002               0.000         -2.000e+002               0.000          4.000e+001     
 137.000           0.000          -2.000e+002         -2.000e+002               0.000         -2.000e+002               0.000          4.000e+001     
 138.000           0.000          -2.000e+002         -2.000e+002               0.000         -2.000e+002               0.000          4.000e+001     
 139.000           0.000          -2.000e+002         -2.000e+002               0.000         -2.000e+002               0.000          4.000e+001     
 140.000           0.000          -2.000e+002         -2.000e+002               0.000         -2.000e+002               0.000          4.000e+001     
 141.000           0.000          -2.000e+002         -2.000e+002               0.000         -2.000e+002               0.000          4.000e+001     
 142.000           0.000          -2.000e+002         -2.000e+002               0.000         -2.000e+002               0.000          4.000e+001     
 143.000           0.000          -2.000e+002         -2.000e+002               0.000         -2.000e+002               0.000          4.000e+001     
 144.000           0.000          -2.000e+002         -2.000e+002               0.000         -2.000e+002               0.000          4.000e+001     
 145.000           0.000          -2.000e+002         -2.000e+002               0.000         -2.000e+002               0.000          4.000e+001     
 146.000           0.000          -2.000e+002         -2.000e+002               0.000         -2.000e+002               0.000          4.000e+001     
 147.000           0.000          -2.000e+002         -2.000e+002               0.000         -2.000e+002               0.000          4.000e+001     
 148.000           0.000          -2.000e+002         -2.000e+002               0.000         -2.000e+002               0.000          4.000e+001     
 149.000           0.000          -2.000e+002         -2.000e+002               0.000         -2.000e+002               0.000          4.000e+001     
 150.000           0.000          -2.000e+002         -2.000e+002               0.000         -2.000e+002               0.000          4.000e+001     
 151.000           0.000          -2.000e+002         -2.000e+002               0.000         -2.000e+002               0.000          4.000e+001     
 152.000           0.000          -2.000e+002         -2.000e+002               0.000         -2.000e+002               0.000          4.000e+001     
 153.000           0.000          -2.000e+002         -2.000e+002               0.000         -2.000e+002               0.000          4.000e+001     
 154.000           0.000          -2.000e+002         -2.000e+002               0.000         -2.000e+002               0.000          4.000e+001     
 155.000           0.000          -2.000e+002         -2.000e+002               0.000         -2.000e+002               0.000          4.000e+001     
 156.000           0.000          -2.000e+002         -2.000e+002               0.000         -2.000e+002               0.000          4.000e+001     
 157.000           0.000          -2.000e+002         -2.000e+002               0.000         -2.000e+002               0.000          4.000e+001     
 158.000           0.000          -2.000e+002         -2.000e+002               0.000         -2.000e+002               0.000          4.000e+001     
 159.000           0.000          -2.000e+002         -2.000e+002               0.000         -2.000e+002               0.000          4.000e+001     
 160.000           0.000          -2.000e+002         -2.000e+002               0.000         -2.000e+002               0.000          4.000e+001     
 161.000           0.000          -2.000e+002         -2.000e+002               0.000         -2.000e+002               0.000          4.000e+001     
 162.000           0.000          -2.000e+002         -2.000e+002               0.000         -2.000e+002               0.000          4.000e+001     
 163.000           0.000          -2.000e+002         -2.000e+002               0.000         -2.000e+002               0.000          4.000e+001     
 164.000           0.000          -2.000e+002         -2.000e+002               0.000         -2.000e+002               0.000          4.000e+001     
 165.000           0.000          -2.000e+002         -2.000e+002               0.000         -2.000e+002               0.000          4.000e+001     
 166.000           0.000          -2.000e+002         -2.000e+002               0.000         -2.000e+002               0.000          4.000e+001     
 167.000           0.000          -2.000e+002         -2.000e+002               0.000         -2.000e+002               0.000          4.000e+001     
 168.000           0.000          -2.000e+002         -2.000e+002               0.000         -2.000e+002               0.000          4.000e+001     
 169.000           0.000          -2.000e+002         -2.000e+002               0.000         -2.000e+002               0.000          4.000e+001     
 170.000           0.000          -2.000e+002         -2.000e+002               0.000         -2.000e+002               0.000          4.000e+001     
 171.000           0.000          -2.000e+002         -2.000e+002               0.000         -2.000e+002               0.000          4.000e+001     
 172.000           0.000          -2.000e+002         -2.000e+002               0.000         -2.000e+002               0.000          4.000e+001     
 173.000           0.000          -2.000e+002         -2.000e+002               0.000         -2.000e+002               0.000          4.000e+001     
 174.000           0.000          -2.000e+002         -2.000e+002               0.000         -2.000e+002               0.000          4.000e+001     
 175.000           0.000          -2.000e+002         -2.000e+002               0.000         -2.000e+002               0.000          4.000e+001     
 176.000           0.000          -2.000e+002         -2.000e+002               0.000         -2.000e+002               0.000          4.000e+001     
 177.000           0.000          -2.000e+002         -2.000e+002               0.000         -2.000e+002               0.000          4.000e+001     
 178.000           0.000          -2.000e+002         -2.000e+002               0.000         -2.000e+002               0.000          4.000e+001     
 179.000           0.000          -2.000e+002         -2.000e+002               0.000         -2.000e+002               0.000          4.000e+001     
